0.207
0.810
1.805
3.267
5.320
8.026
11.385
15.129
19.123
23.508
28.534
33.622
39.071
45.211
51.493
57.943
64.661
71.448
77.998
84.286
89.773
93.803
96.739
99.004
100.490
101.380
102.039
102.593
102.922
103.482
104.135
104.745
105.473
106.381
107.245
107.874
108.720
109.366
109.796
110.237
110.685
111.009
111.096
111.345
111.519
111.500
111.631
111.824
111.656
111.724
111.805
111.792
111.736
111.830
111.836
111.699
111.749
111.979
111.898
112.004
112.315
112.352
112.396
112.526
112.483
112.290
111.867
111.369
110.256
108.626
106.511
103.246
98.587
91.962
82.290
73.420
66.384
60.145
54.112
48.576
43.494
38.692
34.089
30.058
26.326
22.625
19.309
16.330
13.468
10.738
8.498
6.365
4.399
2.782
1.407
0.194
-0.757
-1.460
-2.064
-2.599
-2.804
-2.990
-3.158
-3.127
-2.990
-3.127
-3.077
-2.922
-2.941
-2.947
-2.866
-2.791
-2.866
-2.717
-2.623
-2.655
-2.636
-2.431
-2.381
-2.381
-2.269
-2.132
-2.138
-2.182
-2.057
-2.076
-2.207
-2.076
-2.032
-2.032
-1.952
-1.952
-2.020
-1.914
-1.678
-1.703
-1.585
-1.529
-1.442
-1.442
-1.336
-1.205
-1.274
-1.230
-1.081
-1.131
-1.081
-1.019
-0.931
-0.963
-0.857
-0.720
-0.720
-0.676
-0.515
-0.521
-0.589
-0.471
-0.477
-0.496
-0.372
-0.079
0.188
0.841
1.924
3.292
5.382
8.393
11.633
15.366
19.515
24.118
28.926
34.114
39.743
45.770
51.879
58.385
64.979
71.616
78.122
84.429
89.605
93.722
96.721
98.929
100.403
101.367
102.058
102.580
103.040
103.575
104.073
104.739
105.553
106.300
107.084
107.843
108.589
109.074
109.646
110.256
110.573
110.841
111.164
111.394
111.432
111.624
111.705
111.712
111.705
111.805
111.755
111.755
111.792
111.712
111.587
111.593
111.792
111.799
111.935
112.103
112.309
112.421
112.595
112.613
112.539
112.358
111.979
111.276
110.206
108.626
106.325
103.040
98.531
91.937
82.171
73.488
66.540
60.201
54.199
48.744
43.618
38.766
34.325
30.120
26.338
22.643
19.353
16.205
13.363
10.844
8.573
6.415
4.598
3.012
1.550
0.381
-0.533
-1.342
-2.032
-2.431
-2.779
-3.028
-3.140
-3.196
-3.165
-3.165
-3.046
-2.941
-2.934
-2.922
-2.785
-2.729
-2.692
-2.580
-2.605
-2.536
-2.518
-2.418
-2.443
-2.362
-2.350
-2.263
-2.250
-2.126
-2.126
-2.120
-2.064
-1.995
-2.001
-1.933
-1.833
-1.921
-1.883
-1.765
-1.734
-1.753
-1.653
-1.554
-1.628
-1.485
-1.323
-1.323
-1.298
-1.143
-0.994
-1.037
-0.900
-0.876
-0.900
-0.900
-0.770
-0.788
-0.770
-0.714
-0.620
-0.701
-0.546
-0.490
-0.459
-0.428
-0.272
-0.067
0.313
0.966
1.893
3.217
5.233
8.163
11.310
14.974
19.085
23.496
28.248
33.535
39.040
44.937
51.120
57.651
64.182
70.745
77.289
83.552
88.821
93.057
96.223
98.413
99.961
101.069
101.703
102.250
102.823
103.370
103.886
104.602
105.466
106.144
106.941
107.737
108.353
108.937
109.578
110.094
110.331
110.648
110.953
111.096
111.351
111.500
111.649
111.662
111.712
111.768
111.755
111.805
111.768
111.687
111.550
111.693
111.593
111.612
111.768
111.985
112.097
112.296
112.489
112.526
112.502
112.402
112.147
111.376
110.455
108.987
106.623
103.607
99.377
93.113
83.615
74.744
67.572
61.141
55.194
49.789
44.489
39.631
35.277
31.003
27.035
23.502
20.012
16.809
13.935
11.341
8.828
6.701
4.884
3.168
1.749
0.611
-0.328
-1.311
-1.765
-2.219
-2.642
-2.872
-2.934
-3.152
-3.239
-3.096
-3.040
-3.146
-2.997
-2.953
-2.947
-2.866
-2.655
-2.592
-2.648
-2.368
-2.362
-2.393
-2.343
-2.232
-2.331
-2.300
-2.163
-2.188
-2.294
-2.200
-2.082
-2.107
-2.001
-1.852
-1.939
-1.883
-1.715
-1.672
-1.784
-1.585
-1.566
-1.585
-1.572
-1.354
-1.448
-1.473
-1.230
-1.131
-1.187
-0.963
-0.801
-0.931
-0.838
-0.664
-0.708
-0.745
-0.627
-0.620
-0.708
-0.571
-0.552
-0.645
-0.670
-0.465
-0.390
-0.210
0.356
0.991
1.861
3.242
5.301
8.026
11.173
14.787
18.743
23.066
27.887
33.000
38.343
44.203
50.454
56.718
63.224
69.924
76.306
82.563
88.174
92.522
95.682
98.046
99.793
100.764
101.386
102.126
102.543
102.960
103.656
104.353
104.963
105.889
106.841
107.476
108.185
108.869
109.435
109.827
110.268
110.648
110.754
111.040
111.295
111.301
111.295
111.562
111.568
111.519
111.755
111.730
111.643
111.624
111.656
111.531
111.581
111.631
111.743
111.736
112.035
112.159
112.246
112.246
112.377
112.222
111.898
111.425
110.536
108.968
107.028
104.135
99.974
94.121
85.182
75.814
68.418
62.123
56.046
50.380
45.223
40.371
35.737
31.601
27.806
23.981
20.497
17.499
14.569
11.783
9.357
7.242
5.146
3.441
2.060
0.754
-0.390
-1.131
-1.765
-2.300
-2.561
-2.692
-2.978
-3.090
-2.941
-2.978
-3.084
-2.953
-2.966
-3.077
-2.941
-2.822
-2.835
-2.754
-2.561
-2.474
-2.530
-2.350
-2.269
-2.325
-2.232
-2.057
-2.163
-2.225
-2.088
-2.157
-2.194
-2.070
-2.001
-2.070
-2.001
-1.871
-1.846
-1.784
-1.622
-1.597
-1.622
-1.442
-1.330
-1.423
-1.361
-1.211
-1.298
-1.236
-1.062
-1.106
-1.099
-0.907
-0.869
-0.813
-0.745
-0.589
-0.645
-0.583
-0.484
-0.515
-0.564
-0.540
-0.515
-0.577
-0.446
-0.210
0.138
0.680
1.756
3.043
5.015
7.764
10.993
14.489
18.382
22.855
27.470
32.409
37.864
43.593
49.565
55.866
62.347
68.767
75.192
81.593
87.241
91.657
95.097
97.647
99.283
100.527
101.436
101.890
102.195
102.854
103.289
103.974
104.720
105.516
106.219
107.009
107.874
108.508
109.037
109.721
110.001
110.300
110.679
110.934
111.027
111.108
111.220
111.195
111.214
111.481
111.444
111.351
111.438
111.537
111.413
111.444
111.525
111.575
111.581
111.824
111.991
111.923
112.147
112.240
112.159
112.010
111.805
111.295
110.287
109.093
107.202
104.378
100.627
95.209
86.712
77.201
69.768
63.113
56.948
51.350
46.088
41.093
36.508
32.260
28.173
24.553
21.132
17.891
14.856
12.318
9.786
7.441
5.513
3.759
2.160
0.866
-0.117
-1.093
-1.852
-2.269
-2.661
-2.978
-3.152
-3.046
-3.146
-3.165
-3.071
-2.984
-2.966
-2.934
-2.829
-2.885
-2.804
-2.723
-2.748
-2.686
-2.655
-2.511
-2.543
-2.443
-2.306
-2.288
-2.238
-2.144
-2.070
-2.120
-2.039
-1.995
-2.051
-2.113
-1.983
-1.970
-1.952
-1.865
-1.865
-1.840
-1.678
-1.560
-1.560
-1.379
-1.255
-1.305
-1.205
-1.087
-1.081
-1.112
-1.075
-1.000
-0.907
-0.907
-0.813
-0.770
-0.751
-0.633
-0.564
-0.515
-0.515
-0.465
-0.533
-0.428
-0.316
-0.086
0.132
0.742
1.494
2.720
4.536
7.230
10.253
13.736
17.667
21.990
26.593
31.545
36.819
42.399
48.476
54.721
61.072
67.373
73.867
80.156
85.879
90.563
94.195
96.783
98.780
100.148
101.075
101.703
102.201
102.748
103.215
103.830
104.633
105.274
106.057
106.847
107.612
108.166
108.869
109.373
109.777
110.181
110.542
110.828
110.928
111.164
111.307
111.301
111.413
111.444
111.382
111.407
111.457
111.413
111.320
111.369
111.320
111.394
111.612
111.743
111.886
112.023
112.215
112.315
112.321
112.315
112.023
111.500
110.741
109.566
107.755
105.249
101.896
96.951
89.735
80.088
72.020
65.271
59.069
53.347
47.941
42.946
38.250
33.815
29.679
25.859
22.314
18.992
15.950
13.164
10.632
8.256
6.247
4.480
2.732
1.426
0.400
-0.676
-1.386
-1.933
-2.493
-2.785
-3.015
-3.084
-3.270
-3.221
-3.152
-3.127
-3.028
-2.866
-2.841
-2.872
-2.729
-2.648
-2.623
-2.505
-2.480
-2.499
-2.524
-2.387
-2.375
-2.368
-2.275
-2.163
-2.219
-2.101
-2.008
-2.032
-2.076
-1.914
-1.896
-1.939
-1.746
-1.809
-1.865
-1.802
-1.634
-1.684
-1.616
-1.454
-1.410
-1.404
-1.224
-1.143
-1.168
-1.037
-0.863
-0.826
-0.876
-0.739
-0.708
-0.832
-0.757
-0.639
-0.757
-0.664
-0.577
-0.596
-0.558
-0.390
-0.322
-0.278
0.132
0.667
1.239
2.303
3.895
6.178
9.002
12.311
16.044
20.074
24.541
29.374
34.449
40.029
45.926
52.034
58.298
64.711
71.149
77.425
83.434
88.647
92.584
95.595
97.940
99.538
100.459
101.274
101.884
102.269
102.947
103.588
104.166
104.969
105.883
106.574
107.258
107.998
108.707
109.130
109.547
110.113
110.312
110.530
110.872
111.052
111.108
111.282
111.438
111.401
111.494
111.637
111.593
111.575
111.600
111.575
111.444
111.587
111.680
111.699
111.824
112.159
112.166
112.302
112.489
112.470
112.278
112.085
111.606
110.505
109.012
107.077
104.061
99.986
94.481
85.636
76.374
69.059
62.752
56.612
51.101
45.988
41.099
36.428
32.303
28.360
24.553
21.151
18.034
14.893
12.125
9.798
7.466
5.457
3.808
2.235
0.866
-0.073
-0.838
-1.622
-2.176
-2.431
-2.729
-3.009
-2.990
-3.059
-3.165
-3.140
-2.966
-3.034
-3.003
-2.903
-2.866
-2.760
-2.679
-2.493
-2.561
-2.474
-2.275
-2.356
-2.387
-2.232
-2.225
-2.325
-2.132
-2.132
-2.207
-2.151
-2.039
-2.051
-2.045
-1.815
-1.815
-1.858
-1.697
-1.634
-1.665
-1.554
-1.485
-1.473
-1.554
-1.354
-1.292
-1.317
-1.118
-1.087
-1.019
-0.950
-0.776
-0.820
-0.826
-0.639
-0.552
-0.701
-0.620
-0.502
-0.664
-0.602
-0.428
-0.490
-0.540
-0.328
-0.129
0.219
0.922
1.868
3.012
4.972
7.814
10.949
14.314
18.271
22.494
26.985
32.073
37.392
42.897
48.881
55.169
61.433
67.747
74.259
80.492
86.034
90.712
94.388
96.895
98.761
100.167
101.013
101.597
102.157
102.686
103.096
103.762
104.620
105.342
106.151
107.109
107.724
108.433
109.062
109.634
109.945
110.318
110.685
110.822
110.990
111.307
111.382
111.338
111.556
111.693
111.643
111.755
111.898
111.792
111.824
111.935
111.960
111.911
112.029
112.147
112.178
112.377
112.620
112.626
112.607
112.701
112.557
111.998
111.519
110.480
108.676
106.412
103.314
98.680
92.062
82.551
74.010
67.031
60.823
55.070
49.459
44.346
39.737
35.277
31.115
27.383
23.726
20.249
17.188
14.445
11.665
9.120
7.136
5.115
3.354
1.924
0.742
-0.421
-1.205
-1.734
-2.238
-2.661
-2.686
-2.903
-3.084
-3.015
-2.885
-3.015
-2.990
-2.928
-2.953
-2.816
-2.742
-2.791
-2.698
-2.599
-2.418
-2.468
-2.368
-2.194
-2.244
-2.238
-2.076
-2.126
-2.107
-2.070
-1.989
-2.151
-2.014
-1.958
-2.001
-2.001
-1.833
-1.740
-1.740
-1.572
-1.541
-1.554
-1.435
-1.342
-1.267
-1.286
-1.199
-1.099
-1.193
-1.056
-0.969
-0.981
-0.876
-0.726
-0.701
-0.683
-0.564
-0.515
-0.540
-0.533
-0.421
-0.434
-0.527
-0.378
-0.334
-0.316
0.020
0.393
0.991
1.936
3.553
5.587
8.424
11.665
15.210
19.154
23.545
28.229
33.199
38.518
44.259
50.106
56.283
62.727
68.966
75.242
81.462
87.011
91.508
94.942
97.430
99.296
100.478
101.473
102.070
102.437
103.016
103.582
104.092
104.844
105.697
106.468
107.245
108.017
108.794
109.304
109.883
110.356
110.648
110.953
111.332
111.519
111.531
111.774
111.848
111.867
111.929
112.035
111.960
112.023
112.116
112.141
112.191
112.271
112.327
112.433
112.613
112.781
112.875
112.999
113.161
113.180
113.080
113.012
112.533
111.861
110.803
109.143
106.798
103.644
99.091
92.572
83.024
74.608
67.778
61.371
55.505
50.100
44.999
40.234
35.756
31.613
27.688
24.049
20.728
17.543
14.663
12.056
9.618
7.354
5.475
3.696
2.185
0.991
-0.104
-1.012
-1.709
-2.157
-2.555
-2.860
-2.941
-2.934
-3.009
-2.978
-2.878
-2.829
-2.866
-2.742
-2.735
-2.710
-2.642
-2.574
-2.555
-2.474
-2.487
-2.387
-2.393
-2.263
-2.132
-2.151
-2.107
-2.020
-2.001
-1.958
-1.939
-1.933
-1.989
-1.939
-1.858
-1.846
-1.740
-1.709
-1.647
-1.597
-1.498
-1.386
-1.342
-1.274
-1.218
-1.174
-1.087
-0.975
-0.981
-0.931
-0.894
-0.788
-0.732
-0.695
-0.676
-0.633
-0.533
-0.365
-0.434
-0.434
-0.328
-0.309
-0.272
-0.185
-0.067
0.182
0.617
1.407
2.552
4.244
6.614
9.587
12.809
16.610
20.765
25.194
29.940
35.103
40.508
46.243
52.333
58.590
64.736
71.006
77.351
83.285
88.466
92.702
95.844
98.064
99.831
101.000
101.734
102.362
102.916
103.345
103.936
104.614
105.373
106.039
106.816
107.780
108.384
109.062
109.671
110.094
110.567
110.984
111.239
111.519
111.749
111.948
111.979
112.110
112.191
112.191
112.271
112.296
112.365
112.346
112.278
112.421
112.396
112.489
112.763
112.987
113.049
113.323
113.522
113.559
113.584
113.540
113.217
112.719
111.985
110.754
108.944
106.487
103.040
98.195
91.035
81.556
73.444
66.745
60.631
54.852
49.440
44.458
39.780
35.351
31.178
27.470
23.775
20.398
17.269
14.402
11.652
9.382
7.267
5.270
3.547
2.172
0.891
-0.160
-0.913
-1.572
-2.182
-2.499
-2.723
-2.922
-3.040
-2.997
-3.028
-3.015
-2.860
-2.748
-2.735
-2.717
-2.574
-2.530
-2.561
-2.387
-2.362
-2.443
-2.325
-2.232
-2.256
-2.194
-2.176
-2.144
-2.101
-1.933
-1.902
-2.014
-1.840
-1.784
-1.809
-1.790
-1.703
-1.721
-1.759
-1.566
-1.491
-1.547
-1.448
-1.361
-1.323
-1.149
-1.000
-1.000
-0.981
-0.813
-0.826
-0.844
-0.708
-0.589
-0.664
-0.602
-0.440
-0.496
-0.540
-0.459
-0.403
-0.372
-0.365
-0.197
-0.191
0.026
0.456
0.959
1.749
3.130
4.947
7.472
10.545
14.122
17.798
21.965
26.637
31.433
36.558
42.169
48.109
54.037
60.363
66.677
72.860
78.993
84.896
89.760
93.542
96.559
98.724
100.098
101.168
102.039
102.537
103.016
103.675
104.253
104.851
105.653
106.555
107.189
107.998
108.813
109.373
109.858
110.480
110.822
111.058
111.338
111.736
111.811
112.029
112.278
112.259
112.246
112.489
112.526
112.414
112.545
112.595
112.477
112.489
112.757
112.744
112.800
113.130
113.372
113.428
113.690
113.907
113.820
113.714
113.547
113.005
112.159
110.872
108.962
106.175
102.742
97.716
89.853
80.305
72.760
66.173
59.965
54.435
49.179
44.060
39.494
35.208
31.003
27.259
23.701
20.292
17.064
14.364
11.714
9.189
7.043
5.270
3.497
2.011
0.953
-0.104
-1.062
-1.566
-2.014
-2.449
-2.698
-2.804
-2.959
-3.028
-2.922
-2.928
-2.984
-2.822
-2.704
-2.773
-2.623
-2.431
-2.487
-2.462
-2.263
-2.238
-2.294
-2.163
-2.070
-2.176
-2.132
-2.020
-1.983
-2.070
-1.958
-1.877
-1.933
-1.777
-1.659
-1.740
-1.665
-1.522
-1.572
-1.547
-1.448
-1.398
-1.448
-1.280
-1.162
-1.274
-1.174
-0.981
-0.994
-0.950
-0.714
-0.645
-0.695
-0.558
-0.459
-0.533
-0.509
-0.347
-0.403
-0.502
-0.334
-0.347
-0.453
-0.303
-0.067
0.033
0.443
1.071
1.973
3.255
5.301
8.032
10.974
14.408
18.370
22.469
26.998
31.968
37.155
42.617
48.545
54.628
60.730
67.075
73.382
79.416
85.101
90.109
93.878
96.640
98.773
100.297
101.243
101.983
102.649
103.040
103.463
104.229
104.869
105.622
106.524
107.320
108.004
108.732
109.478
109.976
110.399
110.816
111.170
111.332
111.687
111.898
111.879
112.147
112.296
112.321
112.358
112.564
112.557
112.589
112.589
112.744
112.676
112.732
112.881
112.924
113.105
113.329
113.528
113.584
113.770
113.851
113.814
113.515
113.136
112.253
110.915
109.180
106.592
102.935
98.039
90.569
80.921
73.133
66.646
60.351
54.659
49.415
44.514
39.836
35.463
31.507
27.620
23.943
20.734
17.599
14.601
11.988
9.537
7.236
5.345
3.709
2.172
0.848
-0.054
-0.807
-1.572
-2.001
-2.343
-2.636
-2.841
-2.810
-2.903
-2.966
-2.903
-2.847
-2.878
-2.816
-2.729
-2.710
-2.667
-2.468
-2.418
-2.418
-2.263
-2.194
-2.200
-2.144
-2.001
-2.045
-2.039
-1.952
-1.989
-2.008
-1.945
-1.877
-1.902
-1.827
-1.709
-1.665
-1.609
-1.547
-1.466
-1.504
-1.323
-1.267
-1.249
-1.211
-1.099
-1.131
-1.081
-0.956
-0.857
-0.851
-0.776
-0.602
-0.627
-0.453
-0.403
-0.434
-0.403
-0.272
-0.297
-0.390
-0.272
-0.266
-0.272
-0.079
0.188
0.536
1.165
2.235
3.715
5.836
8.778
11.907
15.403
19.316
23.738
28.217
33.056
38.412
43.960
49.776
55.791
62.067
68.207
74.452
80.523
86.140
90.687
94.313
97.025
98.948
100.384
101.355
102.027
102.562
103.028
103.613
104.166
104.894
105.603
106.406
107.158
108.042
108.776
109.404
109.982
110.461
110.735
111.251
111.457
111.662
111.724
111.942
112.072
112.041
112.222
112.284
112.240
112.302
112.464
112.495
112.570
112.651
112.757
112.875
112.993
113.161
113.323
113.422
113.665
113.708
113.640
113.596
113.329
112.701
111.923
110.573
108.570
105.877
102.163
96.969
88.852
79.640
72.138
65.482
59.467
53.944
48.681
43.687
39.146
34.848
30.823
27.103
23.589
20.224
17.163
14.333
11.646
9.301
7.223
5.202
3.454
2.073
0.885
-0.173
-1.031
-1.572
-2.107
-2.474
-2.605
-2.779
-2.860
-2.891
-2.860
-2.847
-2.829
-2.692
-2.698
-2.704
-2.567
-2.611
-2.567
-2.412
-2.368
-2.387
-2.281
-2.169
-2.113
-2.082
-1.989
-1.952
-1.976
-1.952
-1.840
-1.927
-1.858
-1.809
-1.858
-1.846
-1.759
-1.653
-1.609
-1.504
-1.392
-1.386
-1.305
-1.162
-1.131
-1.112
-0.981
-0.900
-0.975
-0.869
-0.751
-0.764
-0.720
-0.540
-0.509
-0.533
-0.378
-0.291
-0.266
-0.260
-0.222
-0.260
-0.229
-0.123
-0.042
0.039
0.530
1.215
1.961
3.429
5.674
8.331
11.497
15.092
18.967
23.066
27.694
32.664
37.796
43.239
49.123
55.032
61.147
67.448
73.637
79.546
85.232
90.021
93.642
96.497
98.587
100.073
101.044
101.809
102.394
102.823
103.389
104.036
104.571
105.330
106.225
106.965
107.668
108.433
109.130
109.615
110.113
110.691
110.984
111.195
111.556
111.718
111.724
112.004
112.060
112.004
112.110
112.271
112.209
112.184
112.315
112.377
112.377
112.551
112.769
112.806
112.962
113.229
113.360
113.441
113.634
113.615
113.416
113.242
112.800
111.867
110.598
108.807
106.219
102.773
98.070
90.625
81.095
73.420
66.913
60.674
54.995
49.807
44.707
39.936
35.781
31.688
27.713
24.186
20.883
17.673
14.750
12.280
9.823
7.516
5.643
3.958
2.347
1.165
0.089
-0.857
-1.572
-1.908
-2.399
-2.717
-2.773
-2.903
-2.959
-2.847
-2.816
-2.872
-2.791
-2.611
-2.592
-2.673
-2.524
-2.474
-2.480
-2.437
-2.337
-2.300
-2.281
-2.144
-2.144
-2.194
-1.958
-1.889
-1.976
-1.939
-1.734
-1.802
-1.889
-1.709
-1.740
-1.821
-1.634
-1.541
-1.591
-1.529
-1.404
-1.361
-1.342
-1.131
-0.981
-1.118
-0.919
-0.807
-0.832
-0.739
-0.602
-0.614
-0.664
-0.477
-0.471
-0.583
-0.434
-0.409
-0.378
-0.334
-0.135
-0.197
-0.266
0.014
0.306
0.555
1.302
2.303
3.609
5.830
8.642
11.745
15.167
19.191
23.421
27.831
32.863
38.163
43.512
49.310
55.374
61.439
67.485
73.637
79.646
85.139
89.909
93.654
96.279
98.251
99.800
100.832
101.492
102.207
102.792
103.152
103.812
104.589
105.174
105.976
106.841
107.625
108.166
108.900
109.547
109.883
110.505
110.735
110.971
111.208
111.544
111.693
111.705
111.911
111.991
111.942
111.991
112.147
112.091
112.066
112.246
112.184
112.191
112.701
112.663
112.669
112.900
113.198
113.291
113.279
113.459
113.347
113.030
112.495
111.680
110.287
108.440
105.964
102.356
97.361
89.878
80.647
72.841
66.428
60.419
54.703
49.409
44.676
39.892
35.482
31.538
27.719
23.975
20.721
17.698
14.657
11.982
9.668
7.491
5.494
3.877
2.434
1.047
0.064
-0.695
-1.466
-2.020
-2.312
-2.636
-2.928
-2.841
-2.891
-2.990
-2.953
-2.829
-2.847
-2.729
-2.543
-2.586
-2.524
-2.424
-2.350
-2.356
-2.356
-2.250
-2.306
-2.219
-2.138
-2.088
-2.101
-2.045
-1.896
-1.939
-1.852
-1.790
-1.802
-1.846
-1.609
-1.653
-1.672
-1.634
-1.554
-1.578
-1.442
-1.311
-1.342
-1.348
-1.149
-1.025
-1.006
-0.844
-0.770
-0.751
-0.664
-0.459
-0.502
-0.527
-0.409
-0.428
-0.459
-0.397
-0.328
-0.365
-0.372
-0.173
-0.185
-0.067
0.194
0.574
1.115
2.073
3.528
5.556
8.144
11.291
14.632
18.370
22.618
27.134
31.837
37.018
42.511
48.234
54.099
60.332
66.328
72.343
78.421
84.087
88.883
92.733
95.657
97.716
99.290
100.447
101.224
101.734
102.375
102.966
103.463
104.173
104.919
105.740
106.487
107.376
108.085
108.626
109.205
109.740
110.082
110.492
110.810
111.009
111.139
111.394
111.562
111.693
111.774
111.879
111.960
111.929
112.041
112.060
111.985
112.091
112.103
112.228
112.358
112.595
112.669
112.837
113.030
113.242
113.211
113.167
113.018
112.539
111.824
110.673
108.863
106.449
103.296
98.599
91.850
82.551
74.458
67.628
61.620
55.959
50.697
45.665
40.925
36.620
32.484
28.590
25.063
21.598
18.370
15.496
12.691
10.215
8.044
5.998
4.200
2.639
1.420
0.356
-0.577
-1.236
-1.765
-2.232
-2.399
-2.673
-2.810
-2.928
-2.903
-2.860
-2.922
-2.760
-2.773
-2.748
-2.667
-2.449
-2.455
-2.381
-2.306
-2.250
-2.219
-2.169
-2.101
-2.107
-2.101
-2.070
-2.032
-2.008
-1.939
-1.989
-1.952
-1.790
-1.709
-1.715
-1.672
-1.522
-1.547
-1.529
-1.392
-1.392
-1.379
-1.255
-1.224
-1.168
-1.081
-1.012
-0.913
-0.888
-0.726
-0.627
-0.558
-0.440
-0.365
-0.397
-0.229
-0.185
-0.210
-0.322
-0.316
-0.241
-0.278
-0.123
-0.160
0.070
0.344
1.003
1.743
3.068
4.828
7.397
10.277
13.593
17.306
21.300
25.660
30.276
35.271
40.539
46.137
51.972
57.999
64.070
70.260
76.212
81.960
87.185
91.409
94.606
97.044
98.748
99.993
100.832
101.517
102.045
102.512
103.208
103.774
104.440
105.305
106.175
106.959
107.662
108.390
108.999
109.609
110.057
110.380
110.617
110.928
111.214
111.301
111.481
111.562
111.643
111.662
111.892
111.935
111.873
111.998
112.091
112.079
112.141
112.271
112.383
112.408
112.645
112.831
112.949
113.092
113.167
113.148
113.018
112.757
112.166
111.096
109.628
107.569
104.571
100.621
95.041
86.215
77.369
70.372
64.126
58.149
52.718
47.699
42.729
38.374
34.244
30.232
26.531
23.023
19.801
16.778
13.985
11.403
8.946
6.875
5.040
3.379
1.861
0.760
-0.222
-1.099
-1.578
-1.989
-2.319
-2.605
-2.648
-2.723
-2.860
-2.785
-2.723
-2.829
-2.773
-2.623
-2.679
-2.679
-2.511
-2.505
-2.449
-2.275
-2.157
-2.275
-2.138
-2.045
-2.008
-2.001
-1.896
-1.952
-1.958
-1.858
-1.846
-1.883
-1.896
-1.709
-1.753
-1.684
-1.522
-1.435
-1.541
-1.317
-1.187
-1.249
-1.230
-1.037
-1.081
-1.050
-0.900
-0.813
-0.882
-0.714
-0.664
-0.639
-0.490
-0.353
-0.297
-0.365
-0.235
-0.173
-0.179
-0.191
-0.098
-0.266
-0.166
0.101
0.263
0.624
1.382
2.471
4.001
6.352
9.195
12.243
15.776
19.832
24.024
28.385
33.348
38.511
43.805
49.621
55.592
61.526
67.492
73.569
79.422
84.883
89.592
93.312
95.831
98.039
99.514
100.490
101.187
101.877
102.319
102.798
103.482
104.173
104.819
105.578
106.487
107.283
107.973
108.800
109.366
109.690
110.206
110.617
110.778
111.090
111.295
111.313
111.413
111.631
111.674
111.687
111.755
111.855
111.886
111.948
112.228
112.122
112.116
112.377
112.464
112.483
112.744
113.012
112.993
113.099
113.304
113.005
112.750
112.365
111.587
110.287
108.539
106.126
102.611
97.890
90.799
81.425
73.581
67.125
61.085
55.331
50.087
45.223
40.452
36.079
32.204
28.391
24.764
21.505
18.358
15.297
12.672
10.246
7.976
5.948
4.262
2.627
1.239
0.325
-0.583
-1.423
-1.933
-2.244
-2.511
-2.735
-2.679
-2.804
-2.835
-2.791
-2.611
-2.760
-2.661
-2.493
-2.623
-2.642
-2.449
-2.406
-2.443
-2.281
-2.250
-2.194
-2.188
-1.933
-1.983
-1.970
-1.771
-1.777
-1.889
-1.840
-1.777
-1.902
-1.796
-1.665
-1.678
-1.753
-1.522
-1.417
-1.460
-1.249
-1.193
-1.211
-1.155
-0.925
-0.944
-0.919
-0.857
-0.820
-0.757
-0.714
-0.552
-0.540
-0.577
-0.353
-0.285
-0.334
-0.129
-0.191
-0.166
-0.123
-0.061
-0.030
-0.017
0.281
0.487
1.040
2.017
3.385
5.258
8.032
11.061
14.364
18.127
22.401
26.668
31.333
36.428
41.802
47.282
53.092
59.044
64.979
70.962
76.915
82.495
87.477
91.676
94.823
96.945
98.761
100.160
100.894
101.560
102.188
102.611
103.152
103.806
104.508
105.162
106.020
106.897
107.550
108.160
108.981
109.553
109.933
110.405
110.729
110.866
111.170
111.469
111.525
111.593
111.724
111.780
111.712
111.867
111.904
111.836
111.892
112.147
112.172
112.234
112.520
112.595
112.676
112.974
113.186
113.242
113.180
113.242
113.024
112.582
111.991
110.940
109.279
107.245
104.428
100.285
94.668
85.953
77.282
70.297
64.083
58.298
52.824
47.724
43.002
38.374
34.232
30.332
26.562
23.004
19.913
16.902
14.041
11.528
9.270
7.062
5.177
3.628
2.135
0.854
-0.104
-0.900
-1.659
-2.076
-2.300
-2.686
-2.866
-2.847
-2.860
-2.860
-2.773
-2.673
-2.679
-2.648
-2.511
-2.549
-2.543
-2.418
-2.325
-2.343
-2.281
-2.263
-2.256
-2.238
-2.051
-1.976
-1.945
-1.796
-1.784
-1.821
-1.740
-1.709
-1.784
-1.746
-1.628
-1.703
-1.659
-1.504
-1.417
-1.491
-1.373
-1.249
-1.211
-1.062
-0.931
-0.801
-0.782
-0.652
-0.571
-0.596
-0.577
-0.471
-0.477
-0.465
-0.353
-0.285
-0.403
-0.154
-0.179
-0.129
-0.104
0.008
0.051
0.163
0.574
0.922
1.588
2.745
4.449
6.813
9.649
12.853
16.404
20.298
24.696
29.224
34.089
39.264
44.775
50.423
56.289
62.217
68.182
73.998
79.851
85.194
89.686
93.250
95.949
97.865
99.339
100.503
101.286
101.865
102.450
103.016
103.501
104.210
104.994
105.678
106.362
107.239
107.905
108.570
109.242
109.709
110.125
110.511
110.853
111.083
111.357
111.525
111.575
111.724
111.879
111.960
111.879
111.848
111.991
112.035
111.985
112.110
112.228
112.215
112.483
112.676
112.918
113.068
113.273
113.385
113.267
113.304
113.117
112.452
111.680
110.461
108.620
106.138
102.779
98.058
91.066
81.904
74.166
67.666
61.632
56.052
50.803
45.864
41.211
36.782
32.689
28.913
25.331
21.860
18.681
15.789
13.052
10.557
8.343
6.346
4.567
2.981
1.718
0.518
-0.378
-1.056
-1.765
-2.200
-2.505
-2.592
-2.847
-2.916
-2.854
-2.841
-2.779
-2.667
-2.642
-2.555
-2.561
-2.356
-2.431
-2.381
-2.238
-2.232
-2.281
-2.219
-2.113
-2.113
-2.101
-2.039
-1.989
-1.933
-1.777
-1.759
-1.802
-1.634
-1.597
-1.622
-1.479
-1.491
-1.498
-1.473
-1.448
-1.404
-1.361
-1.267
-1.062
-1.068
-0.938
-0.788
-0.708
-0.739
-0.509
-0.490
-0.415
-0.278
-0.297
-0.322
-0.303
-0.222
-0.222
-0.235
-0.179
-0.067
-0.216
0.039
0.219
0.344
0.717
1.382
2.222
3.678
5.768
8.399
11.366
14.688
18.557
22.563
26.904
31.588
36.726
41.939
47.636
53.421
59.212
65.184
71.249
76.990
82.576
87.533
91.595
94.568
96.870
98.736
99.862
100.857
101.510
102.095
102.580
103.302
103.862
104.527
105.386
106.200
106.872
107.693
108.396
108.968
109.454
110.076
110.393
110.635
111.015
111.251
111.388
111.668
111.848
111.892
111.917
112.122
112.110
112.085
112.240
112.215
112.153
112.203
112.402
112.514
112.607
112.837
113.074
113.180
113.447
113.553
113.478
113.323
113.099
112.427
111.438
109.951
107.886
104.994
101.199
95.993
87.508
78.701
71.703
65.433
59.443
54.186
49.117
44.147
39.724
35.575
31.513
27.738
24.254
20.883
17.642
14.936
12.293
9.718
7.609
5.755
3.951
2.477
1.407
0.281
-0.596
-1.143
-1.672
-2.207
-2.406
-2.605
-2.816
-2.891
-2.754
-2.791
-2.866
-2.766
-2.611
-2.630
-2.443
-2.350
-2.343
-2.269
-2.188
-2.138
-2.157
-2.088
-2.045
-2.057
-2.070
-1.871
-1.914
-1.952
-1.790
-1.771
-1.883
-1.634
-1.498
-1.554
-1.547
-1.330
-1.305
-1.342
-1.218
-1.211
-1.305
-1.068
-1.043
-1.012
-0.956
-0.739
-0.670
-0.664
-0.397
-0.347
-0.390
-0.278
-0.104
-0.229
-0.197
-0.067
-0.160
-0.260
-0.023
-0.017
-0.160
-0.104
0.250
0.418
0.922
1.855
2.813
4.468
6.881
9.736
12.797
16.286
20.280
24.366
28.764
33.678
38.692
44.035
49.801
55.648
61.433
67.479
73.463
79.080
84.460
89.275
92.945
95.576
97.766
99.296
100.285
101.174
101.933
102.294
102.736
103.526
104.123
104.770
105.703
106.530
107.177
108.004
108.701
109.261
109.709
110.300
110.673
110.853
111.270
111.525
111.587
111.680
111.929
111.948
112.060
112.228
112.253
112.166
112.321
112.495
112.464
112.508
112.682
112.738
112.844
113.148
113.304
113.397
113.559
113.658
113.571
113.484
113.105
112.377
111.220
109.715
107.569
104.403
100.235
94.369
85.257
76.940
70.291
64.021
58.180
53.017
48.016
43.270
38.841
34.854
30.798
27.141
23.701
20.392
17.226
14.476
11.920
9.369
7.236
5.444
3.659
2.179
1.115
0.132
-0.764
-1.280
-1.777
-2.194
-2.431
-2.487
-2.729
-2.791
-2.717
-2.710
-2.785
-2.661
-2.599
-2.623
-2.574
-2.424
-2.350
-2.256
-2.151
-2.138
-2.120
-2.026
-1.945
-1.921
-1.889
-1.809
-1.939
-1.933
-1.771
-1.740
-1.858
-1.697
-1.591
-1.560
-1.522
-1.274
-1.386
-1.305
-1.243
-1.149
-1.174
-0.950
-0.963
-0.950
-0.863
-0.689
-0.645
-0.652
-0.502
-0.390
-0.359
-0.247
-0.117
-0.104
-0.030
0.014
0.039
-0.054
0.026
-0.005
-0.086
0.132
0.257
0.592
1.152
2.098
3.367
5.283
8.075
10.937
14.190
17.891
21.990
26.164
30.755
35.675
40.769
46.243
51.904
57.763
63.591
69.513
75.478
81.046
86.159
90.706
93.922
96.447
98.357
99.843
100.727
101.448
102.145
102.524
103.040
103.718
104.266
104.875
105.840
106.717
107.432
108.154
108.863
109.429
109.933
110.455
110.872
111.040
111.313
111.568
111.680
111.799
111.960
111.998
112.035
112.153
112.246
112.321
112.483
112.502
112.551
112.638
112.893
112.962
113.024
113.248
113.441
113.522
113.658
113.683
113.503
113.242
112.912
112.166
110.872
109.248
106.773
103.463
98.966
92.242
83.036
75.161
68.729
62.690
56.992
51.754
46.896
42.138
37.808
33.883
29.977
26.382
22.936
19.776
16.728
13.991
11.459
9.033
6.900
5.065
3.416
1.998
0.816
-0.092
-0.931
-1.479
-1.871
-2.269
-2.468
-2.549
-2.648
-2.692
-2.592
-2.667
-2.667
-2.692
-2.567
-2.468
-2.505
-2.462
-2.418
-2.381
-2.244
-2.120
-2.070
-2.039
-1.939
-1.877
-1.939
-1.777
-1.815
-1.802
-1.790
-1.777
-1.703
-1.728
-1.641
-1.634
-1.628
-1.392
-1.305
-1.249
-1.280
-1.050
-0.987
-0.907
-0.851
-0.826
-0.832
-0.683
-0.633
-0.533
-0.459
-0.378
-0.309
-0.291
-0.092
-0.117
-0.042
0.026
0.070
0.051
0.138
0.120
0.145
0.163
0.437
0.866
1.414
2.371
3.908
6.085
8.853
11.969
15.316
19.166
23.253
27.607
32.235
37.255
42.474
47.960
53.651
59.480
65.358
71.093
76.890
82.439
87.365
91.527
94.668
96.988
98.674
100.061
100.950
101.604
102.232
102.773
103.240
103.762
104.465
105.168
105.871
106.779
107.500
108.203
108.863
109.534
110.038
110.443
110.785
111.108
111.425
111.618
111.799
111.861
111.917
112.097
112.035
112.041
112.172
112.240
112.315
112.446
112.595
112.669
112.806
112.999
113.155
113.291
113.590
113.652
113.584
113.683
113.615
113.192
112.669
111.805
110.461
108.570
106.132
102.630
97.660
90.227
81.307
73.886
67.467
61.576
55.978
50.803
45.976
41.422
37.062
33.093
29.305
25.704
22.382
19.260
16.212
13.500
11.036
8.753
6.744
4.853
3.329
1.855
0.661
-0.142
-1.019
-1.609
-1.976
-2.275
-2.561
-2.592
-2.636
-2.661
-2.679
-2.555
-2.543
-2.580
-2.468
-2.462
-2.530
-2.431
-2.281
-2.343
-2.288
-2.207
-2.144
-2.070
-1.964
-1.827
-1.908
-1.802
-1.634
-1.684
-1.728
-1.634
-1.684
-1.703
-1.609
-1.485
-1.541
-1.485
-1.354
-1.342
-1.267
-1.019
-0.950
-0.981
-0.857
-0.658
-0.633
-0.614
-0.477
-0.490
-0.502
-0.285
-0.229
-0.297
-0.117
-0.061
-0.079
0.014
0.176
0.107
0.002
0.244
0.275
0.294
0.586
1.078
1.582
2.608
4.231
6.489
9.145
12.311
15.751
19.533
23.726
28.204
32.789
37.821
43.220
48.719
54.261
60.158
65.968
71.709
77.432
83.024
87.745
91.614
94.730
96.963
98.637
100.024
100.957
101.529
102.139
102.736
103.296
103.756
104.564
105.168
105.858
106.773
107.550
108.079
108.763
109.354
109.845
110.206
110.704
111.034
111.208
111.568
111.805
111.855
111.979
112.060
112.004
112.016
112.209
112.166
112.135
112.253
112.458
112.446
112.657
112.949
113.030
113.211
113.478
113.646
113.615
113.652
113.503
113.148
112.427
111.730
110.188
108.253
105.703
102.257
97.262
89.654
80.934
73.420
67.143
61.445
55.853
50.647
45.864
41.248
36.844
32.975
29.231
25.449
22.121
19.129
16.143
13.369
10.949
8.797
6.614
4.835
3.348
1.899
0.785
-0.148
-0.944
-1.597
-1.927
-2.244
-2.679
-2.686
-2.661
-2.717
-2.723
-2.549
-2.561
-2.605
-2.462
-2.337
-2.424
-2.325
-2.194
-2.238
-2.281
-2.095
-2.151
-2.169
-1.995
-1.889
-1.896
-1.858
-1.616
-1.672
-1.659
-1.498
-1.466
-1.609
-1.491
-1.410
-1.516
-1.485
-1.261
-1.354
-1.305
-1.093
-0.950
-0.907
-0.770
-0.558
-0.583
-0.564
-0.359
-0.316
-0.390
-0.272
-0.185
-0.260
-0.098
0.014
-0.086
-0.086
0.114
0.107
0.002
0.294
0.294
0.319
0.692
1.264
1.855
2.906
4.692
7.074
9.693
12.996
16.454
20.224
24.447
28.951
33.566
38.611
44.122
49.583
55.194
61.066
66.963
72.574
78.284
83.615
88.218
91.900
94.898
96.976
98.500
99.793
100.739
101.305
101.971
102.605
103.022
103.712
104.484
105.205
105.877
106.704
107.401
107.948
108.601
109.286
109.653
109.933
110.436
110.754
110.996
111.351
111.581
111.600
111.761
111.929
111.867
111.848
111.935
112.004
111.917
112.066
112.178
112.215
112.296
112.607
112.806
112.937
113.279
113.366
113.291
113.397
113.229
112.781
112.122
111.201
109.696
107.606
104.907
101.162
95.900
87.813
79.291
72.132
66.017
60.326
54.889
49.776
44.993
40.452
36.197
32.279
28.584
24.970
21.567
18.538
15.633
12.772
10.483
8.349
6.259
4.586
3.056
1.725
0.636
-0.229
-0.950
-1.634
-2.070
-2.312
-2.605
-2.698
-2.710
-2.760
-2.829
-2.636
-2.617
-2.549
-2.381
-2.368
-2.387
-2.312
-2.213
-2.176
-2.219
-2.132
-2.088
-2.132
-2.020
-1.933
-1.939
-1.889
-1.734
-1.728
-1.684
-1.535
-1.522
-1.491
-1.410
-1.379
-1.435
-1.410
-1.323
-1.354
-1.236
-1.124
-0.987
-1.006
-0.888
-0.708
-0.664
-0.540
-0.428
-0.347
-0.341
-0.197
-0.061
-0.098
-0.110
0.008
-0.005
-0.023
0.045
0.089
-0.048
0.138
0.194
0.362
0.686
1.183
1.917
3.006
4.853
7.205
9.910
13.014
16.597
20.448
24.547
29.038
33.722
38.679
44.141
49.614
55.331
61.134
66.919
72.654
78.284
83.639
88.224
91.819
94.649
96.808
98.413
99.563
100.459
101.125
101.647
102.275
102.810
103.501
104.191
104.987
105.740
106.499
107.295
107.892
108.415
109.018
109.472
109.833
110.138
110.486
110.735
110.978
111.251
111.425
111.600
111.674
111.730
111.680
111.811
111.830
111.811
111.861
111.973
112.116
112.147
112.352
112.564
112.669
112.974
113.117
113.148
113.167
113.049
112.638
111.935
111.046
109.584
107.413
104.714
100.988
95.763
87.633
79.018
72.014
65.762
60.065
54.703
49.720
44.868
40.458
36.210
32.291
28.596
25.032
21.648
18.470
15.633
12.846
10.402
8.256
6.216
4.499
3.012
1.774
0.617
-0.247
-0.925
-1.535
-2.001
-2.238
-2.480
-2.617
-2.704
-2.673
-2.735
-2.729
-2.642
-2.648
-2.580
-2.387
-2.406
-2.294
-2.219
-2.151
-2.088
-2.057
-2.020
-2.045
-2.057
-1.958
-1.871
-1.871
-1.833
-1.765
-1.721
-1.697
-1.572
-1.473
-1.491
-1.348
-1.373
-1.336
-1.274
-1.174
-1.180
-1.124
-1.006
-0.931
-0.931
-0.764
-0.714
-0.664
-0.453
-0.322
-0.229
-0.191
-0.086
0.045
-0.042
0.082
0.051
-0.005
0.002
0.114
0.008
0.008
0.163
0.331
0.648
1.227
2.104
3.230
5.127
7.628
10.433
13.668
17.201
21.076
25.088
29.560
34.437
39.376
44.638
50.230
55.897
61.545
67.442
73.214
78.676
83.975
88.504
92.043
94.780
96.907
98.406
99.538
100.378
101.137
101.548
102.157
102.748
103.364
104.048
104.931
105.709
106.399
107.227
107.923
108.421
108.993
109.466
109.733
109.989
110.430
110.673
110.797
111.065
111.245
111.394
111.481
111.668
111.600
111.568
111.755
111.792
111.799
111.973
112.091
112.023
112.203
112.489
112.576
112.707
112.962
112.931
112.875
112.781
112.446
111.705
110.704
109.217
107.077
104.185
100.403
94.911
86.364
78.029
71.255
64.979
59.281
54.087
49.055
44.277
40.004
35.874
31.806
28.155
24.740
21.368
18.190
15.484
12.678
10.110
8.051
6.060
4.275
2.788
1.550
0.449
-0.453
-0.938
-1.541
-2.039
-2.263
-2.437
-2.636
-2.648
-2.692
-2.710
-2.798
-2.605
-2.599
-2.623
-2.518
-2.412
-2.387
-2.238
-2.132
-2.157
-2.132
-2.001
-1.889
-1.983
-1.877
-1.827
-1.908
-1.833
-1.740
-1.790
-1.815
-1.684
-1.529
-1.616
-1.386
-1.286
-1.429
-1.286
-1.099
-1.081
-0.994
-0.963
-0.894
-0.931
-0.795
-0.652
-0.658
-0.614
-0.384
-0.316
-0.297
-0.017
0.064
-0.036
0.120
0.201
0.051
0.089
0.145
0.170
0.014
0.188
0.431
0.580
1.140
1.980
3.112
4.878
7.509
10.178
13.245
16.890
20.715
24.802
29.200
33.946
38.860
44.047
49.664
55.163
60.836
66.733
72.381
77.917
83.254
87.975
91.508
94.326
96.590
98.151
99.252
100.248
100.950
101.386
101.971
102.605
103.103
103.768
104.620
105.441
106.107
107.009
107.724
108.234
108.800
109.360
109.715
109.989
110.318
110.573
110.660
110.990
111.201
111.226
111.307
111.500
111.544
111.544
111.674
111.743
111.761
111.886
112.060
112.128
112.178
112.470
112.545
112.570
112.900
112.887
112.819
112.663
112.458
111.730
110.772
109.441
107.395
104.596
101.131
95.999
87.981
79.391
72.350
66.036
60.320
54.964
49.894
45.092
40.645
36.533
32.459
28.851
25.436
22.040
18.868
16.031
13.288
10.744
8.579
6.508
4.623
3.124
1.874
0.611
-0.316
-0.894
-1.498
-2.026
-2.207
-2.387
-2.549
-2.599
-2.518
-2.648
-2.655
-2.518
-2.536
-2.630
-2.480
-2.399
-2.449
-2.443
-2.151
-2.219
-2.120
-1.952
-1.983
-1.958
-1.846
-1.746
-1.790
-1.796
-1.715
-1.784
-1.715
-1.672
-1.628
-1.603
-1.504
-1.361
-1.404
-1.224
-1.087
-1.093
-1.019
-0.863
-0.813
-0.776
-0.708
-0.558
-0.664
-0.527
-0.341
-0.372
-0.291
-0.148
-0.067
0.008
0.101
0.157
0.157
0.176
0.306
0.225
0.176
0.294
0.418
0.530
0.207
0.810
1.805
3.267
5.320
8.026
11.385
15.129
19.123
23.508
28.534
33.622
39.071
45.211
51.493
57.943
64.661
71.448
77.998
84.286
89.773
93.803
96.739
99.004
100.490
101.380
102.039
102.593
102.922
103.482
104.135
104.745
105.473
106.381
107.245
107.874
108.720
109.366
109.796
110.237
110.685
111.009
111.096
111.345
111.519
111.500
111.631
111.824
111.656
111.724
111.805
111.792
111.736
111.830
111.836
111.699
111.749
111.979
111.898
112.004
112.315
112.352
112.396
112.526
112.483
112.290
111.867
111.369
110.256
108.626
106.511
103.246
98.587
91.962
82.290
73.420
66.384
60.145
54.112
48.576
43.494
38.692
34.089
30.058
26.326
22.625
19.309
16.330
13.468
10.738
8.498
6.365
4.399
2.782
1.407
0.194
-0.757
-1.460
-2.064
-2.599
-2.804
-2.990
-3.158
-3.127
-2.990
-3.127
-3.077
-2.922
-2.941
-2.947
-2.866
-2.791
-2.866
-2.717
-2.623
-2.655
-2.636
-2.431
-2.381
-2.381
-2.269
-2.132
-2.138
-2.182
-2.057
-2.076
-2.207
-2.076
-2.032
-2.032
-1.952
-1.952
-2.020
-1.914
-1.678
-1.703
-1.585
-1.529
-1.442
-1.442
-1.336
-1.205
-1.274
-1.230
-1.081
-1.131
-1.081
-1.019
-0.931
-0.963
-0.857
-0.720
-0.720
-0.676
-0.515
-0.521
-0.589
-0.471
-0.477
-0.496
-0.372
-0.079
0.188
0.841
1.924
3.292
5.382
8.393
11.633
15.366
19.515
24.118
28.926
34.114
39.743
45.770
51.879
58.385
64.979
71.616
78.122
84.429
89.605
93.722
96.721
98.929
100.403
101.367
102.058
102.580
103.040
103.575
104.073
104.739
105.553
106.300
107.084
107.843
108.589
109.074
109.646
110.256
110.573
110.841
111.164
111.394
111.432
111.624
111.705
111.712
111.705
111.805
111.755
111.755
111.792
111.712
111.587
111.593
111.792
111.799
111.935
112.103
112.309
112.421
112.595
112.613
112.539
112.358
111.979
111.276
110.206
108.626
106.325
103.040
98.531
91.937
82.171
73.488
66.540
60.201
54.199
48.744
43.618
38.766
34.325
30.120
26.338
22.643
19.353
16.205
13.363
10.844
8.573
6.415
4.598
3.012
1.550
0.381
-0.533
-1.342
-2.032
-2.431
-2.779
-3.028
-3.140
-3.196
-3.165
-3.165
-3.046
-2.941
-2.934
-2.922
-2.785
-2.729
-2.692
-2.580
-2.605
-2.536
-2.518
-2.418
-2.443
-2.362
-2.350
-2.263
-2.250
-2.126
-2.126
-2.120
-2.064
-1.995
-2.001
-1.933
-1.833
-1.921
-1.883
-1.765
-1.734
-1.753
-1.653
-1.554
-1.628
-1.485
-1.323
-1.323
-1.298
-1.143
-0.994
-1.037
-0.900
-0.876
-0.900
-0.900
-0.770
-0.788
-0.770
-0.714
-0.620
-0.701
-0.546
-0.490
-0.459
-0.428
-0.272
-0.067
0.313
0.966
1.893
3.217
5.233
8.163
11.310
14.974
19.085
23.496
28.248
33.535
39.040
44.937
51.120
57.651
64.182
70.745
77.289
83.552
88.821
93.057
96.223
98.413
99.961
101.069
101.703
102.250
102.823
103.370
103.886
104.602
105.466
106.144
106.941
107.737
108.353
108.937
109.578
110.094
110.331
110.648
110.953
111.096
111.351
111.500
111.649
111.662
111.712
111.768
111.755
111.805
111.768
111.687
111.550
111.693
111.593
111.612
111.768
111.985
112.097
112.296
112.489
112.526
112.502
112.402
112.147
111.376
110.455
108.987
106.623
103.607
99.377
93.113
83.615
74.744
67.572
61.141
55.194
49.789
44.489
39.631
35.277
31.003
27.035
23.502
20.012
16.809
13.935
11.341
8.828
6.701
4.884
3.168
1.749
0.611
-0.328
-1.311
-1.765
-2.219
-2.642
-2.872
-2.934
-3.152
-3.239
-3.096
-3.040
-3.146
-2.997
-2.953
-2.947
-2.866
-2.655
-2.592
-2.648
-2.368
-2.362
-2.393
-2.343
-2.232
-2.331
-2.300
-2.163
-2.188
-2.294
-2.200
-2.082
-2.107
-2.001
-1.852
-1.939
-1.883
-1.715
-1.672
-1.784
-1.585
-1.566
-1.585
-1.572
-1.354
-1.448
-1.473
-1.230
-1.131
-1.187
-0.963
-0.801
-0.931
-0.838
-0.664
-0.708
-0.745
-0.627
-0.620
-0.708
-0.571
-0.552
-0.645
-0.670
-0.465
-0.390
-0.210
0.356
0.991
1.861
3.242
5.301
8.026
11.173
14.787
18.743
23.066
27.887
33.000
38.343
44.203
50.454
56.718
63.224
69.924
76.306
82.563
88.174
92.522
95.682
98.046
99.793
100.764
101.386
102.126
102.543
102.960
103.656
104.353
104.963
105.889
106.841
107.476
108.185
108.869
109.435
109.827
110.268
110.648
110.754
111.040
111.295
111.301
111.295
111.562
111.568
111.519
111.755
111.730
111.643
111.624
111.656
111.531
111.581
111.631
111.743
111.736
112.035
112.159
112.246
112.246
112.377
112.222
111.898
111.425
110.536
108.968
107.028
104.135
99.974
94.121
85.182
75.814
68.418
62.123
56.046
50.380
45.223
40.371
35.737
31.601
27.806
23.981
20.497
17.499
14.569
11.783
9.357
7.242
5.146
3.441
2.060
0.754
-0.390
-1.131
-1.765
-2.300
-2.561
-2.692
-2.978
-3.090
-2.941
-2.978
-3.084
-2.953
-2.966
-3.077
-2.941
-2.822
-2.835
-2.754
-2.561
-2.474
-2.530
-2.350
-2.269
-2.325
-2.232
-2.057
-2.163
-2.225
-2.088
-2.157
-2.194
-2.070
-2.001
-2.070
-2.001
-1.871
-1.846
-1.784
-1.622
-1.597
-1.622
-1.442
-1.330
-1.423
-1.361
-1.211
-1.298
-1.236
-1.062
-1.106
-1.099
-0.907
-0.869
-0.813
-0.745
-0.589
-0.645
-0.583
-0.484
-0.515
-0.564
-0.540
-0.515
-0.577
-0.446
-0.210
0.138
0.680
1.756
3.043
5.015
7.764
10.993
14.489
18.382
22.855
27.470
32.409
37.864
43.593
49.565
55.866
62.347
68.767
75.192
81.593
87.241
91.657
95.097
97.647
99.283
100.527
101.436
101.890
102.195
102.854
103.289
103.974
104.720
105.516
106.219
107.009
107.874
108.508
109.037
109.721
110.001
110.300
110.679
110.934
111.027
111.108
111.220
111.195
111.214
111.481
111.444
111.351
111.438
111.537
111.413
111.444
111.525
111.575
111.581
111.824
111.991
111.923
112.147
112.240
112.159
112.010
111.805
111.295
110.287
109.093
107.202
104.378
100.627
95.209
86.712
77.201
69.768
63.113
56.948
51.350
46.088
41.093
36.508
32.260
28.173
24.553
21.132
17.891
14.856
12.318
9.786
7.441
5.513
3.759
2.160
0.866
-0.117
-1.093
-1.852
-2.269
-2.661
-2.978
-3.152
-3.046
-3.146
-3.165
-3.071
-2.984
-2.966
-2.934
-2.829
-2.885
-2.804
-2.723
-2.748
-2.686
-2.655
-2.511
-2.543
-2.443
-2.306
-2.288
-2.238
-2.144
-2.070
-2.120
-2.039
-1.995
-2.051
-2.113
-1.983
-1.970
-1.952
-1.865
-1.865
-1.840
-1.678
-1.560
-1.560
-1.379
-1.255
-1.305
-1.205
-1.087
-1.081
-1.112
-1.075
-1.000
-0.907
-0.907
-0.813
-0.770
-0.751
-0.633
-0.564
-0.515
-0.515
-0.465
-0.533
-0.428
-0.316
-0.086
0.132
0.742
1.494
2.720
4.536
7.230
10.253
13.736
17.667
21.990
26.593
31.545
36.819
42.399
48.476
54.721
61.072
67.373
73.867
80.156
85.879
90.563
94.195
96.783
98.780
100.148
101.075
101.703
102.201
102.748
103.215
103.830
104.633
105.274
106.057
106.847
107.612
108.166
108.869
109.373
109.777
110.181
110.542
110.828
110.928
111.164
111.307
111.301
111.413
111.444
111.382
111.407
111.457
111.413
111.320
111.369
111.320
111.394
111.612
111.743
111.886
112.023
112.215
112.315
112.321
112.315
112.023
111.500
110.741
109.566
107.755
105.249
101.896
96.951
89.735
80.088
72.020
65.271
59.069
53.347
47.941
42.946
38.250
33.815
29.679
25.859
22.314
18.992
15.950
13.164
10.632
8.256
6.247
4.480
2.732
1.426
0.400
-0.676
-1.386
-1.933
-2.493
-2.785
-3.015
-3.084
-3.270
-3.221
-3.152
-3.127
-3.028
-2.866
-2.841
-2.872
-2.729
-2.648
-2.623
-2.505
-2.480
-2.499
-2.524
-2.387
-2.375
-2.368
-2.275
-2.163
-2.219
-2.101
-2.008
-2.032
-2.076
-1.914
-1.896
-1.939
-1.746
-1.809
-1.865
-1.802
-1.634
-1.684
-1.616
-1.454
-1.410
-1.404
-1.224
-1.143
-1.168
-1.037
-0.863
-0.826
-0.876
-0.739
-0.708
-0.832
-0.757
-0.639
-0.757
-0.664
-0.577
-0.596
-0.558
-0.390
-0.322
-0.278
0.132
0.667
1.239
2.303
3.895
6.178
9.002
12.311
16.044
20.074
24.541
29.374
34.449
40.029
45.926
52.034
58.298
64.711
71.149
77.425
83.434
88.647
92.584
95.595
97.940
99.538
100.459
101.274
101.884
102.269
102.947
103.588
104.166
104.969
105.883
106.574
107.258
107.998
108.707
109.130
109.547
110.113
110.312
110.530
110.872
111.052
111.108
111.282
111.438
111.401
111.494
111.637
111.593
111.575
111.600
111.575
111.444
111.587
111.680
111.699
111.824
112.159
112.166
112.302
112.489
112.470
112.278
112.085
111.606
110.505
109.012
107.077
104.061
99.986
94.481
85.636
76.374
69.059
62.752
56.612
51.101
45.988
41.099
36.428
32.303
28.360
24.553
21.151
18.034
14.893
12.125
9.798
7.466
5.457
3.808
2.235
0.866
-0.073
-0.838
-1.622
-2.176
-2.431
-2.729
-3.009
-2.990
-3.059
-3.165
-3.140
-2.966
-3.034
-3.003
-2.903
-2.866
-2.760
-2.679
-2.493
-2.561
-2.474
-2.275
-2.356
-2.387
-2.232
-2.225
-2.325
-2.132
-2.132
-2.207
-2.151
-2.039
-2.051
-2.045
-1.815
-1.815
-1.858
-1.697
-1.634
-1.665
-1.554
-1.485
-1.473
-1.554
-1.354
-1.292
-1.317
-1.118
-1.087
-1.019
-0.950
-0.776
-0.820
-0.826
-0.639
-0.552
-0.701
-0.620
-0.502
-0.664
-0.602
-0.428
-0.490
-0.540
-0.328
-0.129
0.219
0.922
1.868
3.012
4.972
7.814
10.949
14.314
18.271
22.494
26.985
32.073
37.392
42.897
48.881
55.169
61.433
67.747
74.259
80.492
86.034
90.712
94.388
96.895
98.761
100.167
101.013
101.597
102.157
102.686
103.096
103.762
104.620
105.342
106.151
107.109
107.724
108.433
109.062
109.634
109.945
110.318
110.685
110.822
110.990
111.307
111.382
111.338
111.556
111.693
111.643
111.755
111.898
111.792
111.824
111.935
111.960
111.911
112.029
112.147
112.178
112.377
112.620
112.626
112.607
112.701
112.557
111.998
111.519
110.480
108.676
106.412
103.314
98.680
92.062
82.551
74.010
67.031
60.823
55.070
49.459
44.346
39.737
35.277
31.115
27.383
23.726
20.249
17.188
14.445
11.665
9.120
7.136
5.115
3.354
1.924
0.742
-0.421
-1.205
-1.734
-2.238
-2.661
-2.686
-2.903
-3.084
-3.015
-2.885
-3.015
-2.990
-2.928
-2.953
-2.816
-2.742
-2.791
-2.698
-2.599
-2.418
-2.468
-2.368
-2.194
-2.244
-2.238
-2.076
-2.126
-2.107
-2.070
-1.989
-2.151
-2.014
-1.958
-2.001
-2.001
-1.833
-1.740
-1.740
-1.572
-1.541
-1.554
-1.435
-1.342
-1.267
-1.286
-1.199
-1.099
-1.193
-1.056
-0.969
-0.981
-0.876
-0.726
-0.701
-0.683
-0.564
-0.515
-0.540
-0.533
-0.421
-0.434
-0.527
-0.378
-0.334
-0.316
0.020
0.393
0.991
1.936
3.553
5.587
8.424
11.665
15.210
19.154
23.545
28.229
33.199
38.518
44.259
50.106
56.283
62.727
68.966
75.242
81.462
87.011
91.508
94.942
97.430
99.296
100.478
101.473
102.070
102.437
103.016
103.582
104.092
104.844
105.697
106.468
107.245
108.017
108.794
109.304
109.883
110.356
110.648
110.953
111.332
111.519
111.531
111.774
111.848
111.867
111.929
112.035
111.960
112.023
112.116
112.141
112.191
112.271
112.327
112.433
112.613
112.781
112.875
112.999
113.161
113.180
113.080
113.012
112.533
111.861
110.803
109.143
106.798
103.644
99.091
92.572
83.024
74.608
67.778
61.371
55.505
50.100
44.999
40.234
35.756
31.613
27.688
24.049
20.728
17.543
14.663
12.056
9.618
7.354
5.475
3.696
2.185
0.991
-0.104
-1.012
-1.709
-2.157
-2.555
-2.860
-2.941
-2.934
-3.009
-2.978
-2.878
-2.829
-2.866
-2.742
-2.735
-2.710
-2.642
-2.574
-2.555
-2.474
-2.487
-2.387
-2.393
-2.263
-2.132
-2.151
-2.107
-2.020
-2.001
-1.958
-1.939
-1.933
-1.989
-1.939
-1.858
-1.846
-1.740
-1.709
-1.647
-1.597
-1.498
-1.386
-1.342
-1.274
-1.218
-1.174
-1.087
-0.975
-0.981
-0.931
-0.894
-0.788
-0.732
-0.695
-0.676
-0.633
-0.533
-0.365
-0.434
-0.434
-0.328
-0.309
-0.272
-0.185
-0.067
0.182
0.617
1.407
2.552
4.244
6.614
9.587
12.809
16.610
20.765
25.194
29.940
35.103
40.508
46.243
52.333
58.590
64.736
71.006
77.351
83.285
88.466
92.702
95.844
98.064
99.831
101.000
101.734
102.362
102.916
103.345
103.936
104.614
105.373
106.039
106.816
107.780
108.384
109.062
109.671
110.094
110.567
110.984
111.239
111.519
111.749
111.948
111.979
112.110
112.191
112.191
112.271
112.296
112.365
112.346
112.278
112.421
112.396
112.489
112.763
112.987
113.049
113.323
113.522
113.559
113.584
113.540
113.217
112.719
111.985
110.754
108.944
106.487
103.040
98.195
91.035
81.556
73.444
66.745
60.631
54.852
49.440
44.458
39.780
35.351
31.178
27.470
23.775
20.398
17.269
14.402
11.652
9.382
7.267
5.270
3.547
2.172
0.891
-0.160
-0.913
-1.572
-2.182
-2.499
-2.723
-2.922
-3.040
-2.997
-3.028
-3.015
-2.860
-2.748
-2.735
-2.717
-2.574
-2.530
-2.561
-2.387
-2.362
-2.443
-2.325
-2.232
-2.256
-2.194
-2.176
-2.144
-2.101
-1.933
-1.902
-2.014
-1.840
-1.784
-1.809
-1.790
-1.703
-1.721
-1.759
-1.566
-1.491
-1.547
-1.448
-1.361
-1.323
-1.149
-1.000
-1.000
-0.981
-0.813
-0.826
-0.844
-0.708
-0.589
-0.664
-0.602
-0.440
-0.496
-0.540
-0.459
-0.403
-0.372
-0.365
-0.197
-0.191
0.026
0.456
0.959
1.749
3.130
4.947
7.472
10.545
14.122
17.798
21.965
26.637
31.433
36.558
42.169
48.109
54.037
60.363
66.677
72.860
78.993
84.896
89.760
93.542
96.559
98.724
100.098
101.168
102.039
102.537
103.016
103.675
104.253
104.851
105.653
106.555
107.189
107.998
108.813
109.373
109.858
110.480
110.822
111.058
111.338
111.736
111.811
112.029
112.278
112.259
112.246
112.489
112.526
112.414
112.545
112.595
112.477
112.489
112.757
112.744
112.800
113.130
113.372
113.428
113.690
113.907
113.820
113.714
113.547
113.005
112.159
110.872
108.962
106.175
102.742
97.716
89.853
80.305
72.760
66.173
59.965
54.435
49.179
44.060
39.494
35.208
31.003
27.259
23.701
20.292
17.064
14.364
11.714
9.189
7.043
5.270
3.497
2.011
0.953
-0.104
-1.062
-1.566
-2.014
-2.449
-2.698
-2.804
-2.959
-3.028
-2.922
-2.928
-2.984
-2.822
-2.704
-2.773
-2.623
-2.431
-2.487
-2.462
-2.263
-2.238
-2.294
-2.163
-2.070
-2.176
-2.132
-2.020
-1.983
-2.070
-1.958
-1.877
-1.933
-1.777
-1.659
-1.740
-1.665
-1.522
-1.572
-1.547
-1.448
-1.398
-1.448
-1.280
-1.162
-1.274
-1.174
-0.981
-0.994
-0.950
-0.714
-0.645
-0.695
-0.558
-0.459
-0.533
-0.509
-0.347
-0.403
-0.502
-0.334
-0.347
-0.453
-0.303
-0.067
0.033
0.443
1.071
1.973
3.255
5.301
8.032
10.974
14.408
18.370
22.469
26.998
31.968
37.155
42.617
48.545
54.628
60.730
67.075
73.382
79.416
85.101
90.109
93.878
96.640
98.773
100.297
101.243
101.983
102.649
103.040
103.463
104.229
104.869
105.622
106.524
107.320
108.004
108.732
109.478
109.976
110.399
110.816
111.170
111.332
111.687
111.898
111.879
112.147
112.296
112.321
112.358
112.564
112.557
112.589
112.589
112.744
112.676
112.732
112.881
112.924
113.105
113.329
113.528
113.584
113.770
113.851
113.814
113.515
113.136
112.253
110.915
109.180
106.592
102.935
98.039
90.569
80.921
73.133
66.646
60.351
54.659
49.415
44.514
39.836
35.463
31.507
27.620
23.943
20.734
17.599
14.601
11.988
9.537
7.236
5.345
3.709
2.172
0.848
-0.054
-0.807
-1.572
-2.001
-2.343
-2.636
-2.841
-2.810
-2.903
-2.966
-2.903
-2.847
-2.878
-2.816
-2.729
-2.710
-2.667
-2.468
-2.418
-2.418
-2.263
-2.194
-2.200
-2.144
-2.001
-2.045
-2.039
-1.952
-1.989
-2.008
-1.945
-1.877
-1.902
-1.827
-1.709
-1.665
-1.609
-1.547
-1.466
-1.504
-1.323
-1.267
-1.249
-1.211
-1.099
-1.131
-1.081
-0.956
-0.857
-0.851
-0.776
-0.602
-0.627
-0.453
-0.403
-0.434
-0.403
-0.272
-0.297
-0.390
-0.272
-0.266
-0.272
-0.079
0.188
0.536
1.165
2.235
3.715
5.836
8.778
11.907
15.403
19.316
23.738
28.217
33.056
38.412
43.960
49.776
55.791
62.067
68.207
74.452
80.523
86.140
90.687
94.313
97.025
98.948
100.384
101.355
102.027
102.562
103.028
103.613
104.166
104.894
105.603
106.406
107.158
108.042
108.776
109.404
109.982
110.461
110.735
111.251
111.457
111.662
111.724
111.942
112.072
112.041
112.222
112.284
112.240
112.302
112.464
112.495
112.570
112.651
112.757
112.875
112.993
113.161
113.323
113.422
113.665
113.708
113.640
113.596
113.329
112.701
111.923
110.573
108.570
105.877
102.163
96.969
88.852
79.640
72.138
65.482
59.467
53.944
48.681
43.687
39.146
34.848
30.823
27.103
23.589
20.224
17.163
14.333
11.646
9.301
7.223
5.202
3.454
2.073
0.885
-0.173
-1.031
-1.572
-2.107
-2.474
-2.605
-2.779
-2.860
-2.891
-2.860
-2.847
-2.829
-2.692
-2.698
-2.704
-2.567
-2.611
-2.567
-2.412
-2.368
-2.387
-2.281
-2.169
-2.113
-2.082
-1.989
-1.952
-1.976
-1.952
-1.840
-1.927
-1.858
-1.809
-1.858
-1.846
-1.759
-1.653
-1.609
-1.504
-1.392
-1.386
-1.305
-1.162
-1.131
-1.112
-0.981
-0.900
-0.975
-0.869
-0.751
-0.764
-0.720
-0.540
-0.509
-0.533
-0.378
-0.291
-0.266
-0.260
-0.222
-0.260
-0.229
-0.123
-0.042
0.039
0.530
1.215
1.961
3.429
5.674
8.331
11.497
15.092
18.967
23.066
27.694
32.664
37.796
43.239
49.123
55.032
61.147
67.448
73.637
79.546
85.232
90.021
93.642
96.497
98.587
100.073
101.044
101.809
102.394
102.823
103.389
104.036
104.571
105.330
106.225
106.965
107.668
108.433
109.130
109.615
110.113
110.691
110.984
111.195
111.556
111.718
111.724
112.004
112.060
112.004
112.110
112.271
112.209
112.184
112.315
112.377
112.377
112.551
112.769
112.806
112.962
113.229
113.360
113.441
113.634
113.615
113.416
113.242
112.800
111.867
110.598
108.807
106.219
102.773
98.070
90.625
81.095
73.420
66.913
60.674
54.995
49.807
44.707
39.936
35.781
31.688
27.713
24.186
20.883
17.673
14.750
12.280
9.823
7.516
5.643
3.958
2.347
1.165
0.089
-0.857
-1.572
-1.908
-2.399
-2.717
-2.773
-2.903
-2.959
-2.847
-2.816
-2.872
-2.791
-2.611
-2.592
-2.673
-2.524
-2.474
-2.480
-2.437
-2.337
-2.300
-2.281
-2.144
-2.144
-2.194
-1.958
-1.889
-1.976
-1.939
-1.734
-1.802
-1.889
-1.709
-1.740
-1.821
-1.634
-1.541
-1.591
-1.529
-1.404
-1.361
-1.342
-1.131
-0.981
-1.118
-0.919
-0.807
-0.832
-0.739
-0.602
-0.614
-0.664
-0.477
-0.471
-0.583
-0.434
-0.409
-0.378
-0.334
-0.135
-0.197
-0.266
0.014
0.306
0.555
1.302
2.303
3.609
5.830
8.642
11.745
15.167
19.191
23.421
27.831
32.863
38.163
43.512
49.310
55.374
61.439
67.485
73.637
79.646
85.139
89.909
93.654
96.279
98.251
99.800
100.832
101.492
102.207
102.792
103.152
103.812
104.589
105.174
105.976
106.841
107.625
108.166
108.900
109.547
109.883
110.505
110.735
110.971
111.208
111.544
111.693
111.705
111.911
111.991
111.942
111.991
112.147
112.091
112.066
112.246
112.184
112.191
112.701
112.663
112.669
112.900
113.198
113.291
113.279
113.459
113.347
113.030
112.495
111.680
110.287
108.440
105.964
102.356
97.361
89.878
80.647
72.841
66.428
60.419
54.703
49.409
44.676
39.892
35.482
31.538
27.719
23.975
20.721
17.698
14.657
11.982
9.668
7.491
5.494
3.877
2.434
1.047
0.064
-0.695
-1.466
-2.020
-2.312
-2.636
-2.928
-2.841
-2.891
-2.990
-2.953
-2.829
-2.847
-2.729
-2.543
-2.586
-2.524
-2.424
-2.350
-2.356
-2.356
-2.250
-2.306
-2.219
-2.138
-2.088
-2.101
-2.045
-1.896
-1.939
-1.852
-1.790
-1.802
-1.846
-1.609
-1.653
-1.672
-1.634
-1.554
-1.578
-1.442
-1.311
-1.342
-1.348
-1.149
-1.025
-1.006
-0.844
-0.770
-0.751
-0.664
-0.459
-0.502
-0.527
-0.409
-0.428
-0.459
-0.397
-0.328
-0.365
-0.372
-0.173
-0.185
-0.067
0.194
0.574
1.115
2.073
3.528
5.556
8.144
11.291
14.632
18.370
22.618
27.134
31.837
37.018
42.511
48.234
54.099
60.332
66.328
72.343
78.421
84.087
88.883
92.733
95.657
97.716
99.290
100.447
101.224
101.734
102.375
102.966
103.463
104.173
104.919
105.740
106.487
107.376
108.085
108.626
109.205
109.740
110.082
110.492
110.810
111.009
111.139
111.394
111.562
111.693
111.774
111.879
111.960
111.929
112.041
112.060
111.985
112.091
112.103
112.228
112.358
112.595
112.669
112.837
113.030
113.242
113.211
113.167
113.018
112.539
111.824
110.673
108.863
106.449
103.296
98.599
91.850
82.551
74.458
67.628
61.620
55.959
50.697
45.665
40.925
36.620
32.484
28.590
25.063
21.598
18.370
15.496
12.691
10.215
8.044
5.998
4.200
2.639
1.420
0.356
-0.577
-1.236
-1.765
-2.232
-2.399
-2.673
-2.810
-2.928
-2.903
-2.860
-2.922
-2.760
-2.773
-2.748
-2.667
-2.449
-2.455
-2.381
-2.306
-2.250
-2.219
-2.169
-2.101
-2.107
-2.101
-2.070
-2.032
-2.008
-1.939
-1.989
-1.952
-1.790
-1.709
-1.715
-1.672
-1.522
-1.547
-1.529
-1.392
-1.392
-1.379
-1.255
-1.224
-1.168
-1.081
-1.012
-0.913
-0.888
-0.726
-0.627
-0.558
-0.440
-0.365
-0.397
-0.229
-0.185
-0.210
-0.322
-0.316
-0.241
-0.278
-0.123
-0.160
0.070
0.344
1.003
1.743
3.068
4.828
7.397
10.277
13.593
17.306
21.300
25.660
30.276
35.271
40.539
46.137
51.972
57.999
64.070
70.260
76.212
81.960
87.185
91.409
94.606
97.044
98.748
99.993
100.832
101.517
102.045
102.512
103.208
103.774
104.440
105.305
106.175
106.959
107.662
108.390
108.999
109.609
110.057
110.380
110.617
110.928
111.214
111.301
111.481
111.562
111.643
111.662
111.892
111.935
111.873
111.998
112.091
112.079
112.141
112.271
112.383
112.408
112.645
112.831
112.949
113.092
113.167
113.148
113.018
112.757
112.166
111.096
109.628
107.569
104.571
100.621
95.041
86.215
77.369
70.372
64.126
58.149
52.718
47.699
42.729
38.374
34.244
30.232
26.531
23.023
19.801
16.778
13.985
11.403
8.946
6.875
5.040
3.379
1.861
0.760
-0.222
-1.099
-1.578
-1.989
-2.319
-2.605
-2.648
-2.723
-2.860
-2.785
-2.723
-2.829
-2.773
-2.623
-2.679
-2.679
-2.511
-2.505
-2.449
-2.275
-2.157
-2.275
-2.138
-2.045
-2.008
-2.001
-1.896
-1.952
-1.958
-1.858
-1.846
-1.883
-1.896
-1.709
-1.753
-1.684
-1.522
-1.435
-1.541
-1.317
-1.187
-1.249
-1.230
-1.037
-1.081
-1.050
-0.900
-0.813
-0.882
-0.714
-0.664
-0.639
-0.490
-0.353
-0.297
-0.365
-0.235
-0.173
-0.179
-0.191
-0.098
-0.266
-0.166
0.101
0.263
0.624
1.382
2.471
4.001
6.352
9.195
12.243
15.776
19.832
24.024
28.385
33.348
38.511
43.805
49.621
55.592
61.526
67.492
73.569
79.422
84.883
89.592
93.312
95.831
98.039
99.514
100.490
101.187
101.877
102.319
102.798
103.482
104.173
104.819
105.578
106.487
107.283
107.973
108.800
109.366
109.690
110.206
110.617
110.778
111.090
111.295
111.313
111.413
111.631
111.674
111.687
111.755
111.855
111.886
111.948
112.228
112.122
112.116
112.377
112.464
112.483
112.744
113.012
112.993
113.099
113.304
113.005
112.750
112.365
111.587
110.287
108.539
106.126
102.611
97.890
90.799
81.425
73.581
67.125
61.085
55.331
50.087
45.223
40.452
36.079
32.204
28.391
24.764
21.505
18.358
15.297
12.672
10.246
7.976
5.948
4.262
2.627
1.239
0.325
-0.583
-1.423
-1.933
-2.244
-2.511
-2.735
-2.679
-2.804
-2.835
-2.791
-2.611
-2.760
-2.661
-2.493
-2.623
-2.642
-2.449
-2.406
-2.443
-2.281
-2.250
-2.194
-2.188
-1.933
-1.983
-1.970
-1.771
-1.777
-1.889
-1.840
-1.777
-1.902
-1.796
-1.665
-1.678
-1.753
-1.522
-1.417
-1.460
-1.249
-1.193
-1.211
-1.155
-0.925
-0.944
-0.919
-0.857
-0.820
-0.757
-0.714
-0.552
-0.540
-0.577
-0.353
-0.285
-0.334
-0.129
-0.191
-0.166
-0.123
-0.061
-0.030
-0.017
0.281
0.487
1.040
2.017
3.385
5.258
8.032
11.061
14.364
18.127
22.401
26.668
31.333
36.428
41.802
47.282
53.092
59.044
64.979
70.962
76.915
82.495
87.477
91.676
94.823
96.945
98.761
100.160
100.894
101.560
102.188
102.611
103.152
103.806
104.508
105.162
106.020
106.897
107.550
108.160
108.981
109.553
109.933
110.405
110.729
110.866
111.170
111.469
111.525
111.593
111.724
111.780
111.712
111.867
111.904
111.836
111.892
112.147
112.172
112.234
112.520
112.595
112.676
112.974
113.186
113.242
113.180
113.242
113.024
112.582
111.991
110.940
109.279
107.245
104.428
100.285
94.668
85.953
77.282
70.297
64.083
58.298
52.824
47.724
43.002
38.374
34.232
30.332
26.562
23.004
19.913
16.902
14.041
11.528
9.270
7.062
5.177
3.628
2.135
0.854
-0.104
-0.900
-1.659
-2.076
-2.300
-2.686
-2.866
-2.847
-2.860
-2.860
-2.773
-2.673
-2.679
-2.648
-2.511
-2.549
-2.543
-2.418
-2.325
-2.343
-2.281
-2.263
-2.256
-2.238
-2.051
-1.976
-1.945
-1.796
-1.784
-1.821
-1.740
-1.709
-1.784
-1.746
-1.628
-1.703
-1.659
-1.504
-1.417
-1.491
-1.373
-1.249
-1.211
-1.062
-0.931
-0.801
-0.782
-0.652
-0.571
-0.596
-0.577
-0.471
-0.477
-0.465
-0.353
-0.285
-0.403
-0.154
-0.179
-0.129
-0.104
0.008
0.051
0.163
0.574
0.922
1.588
2.745
4.449
6.813
9.649
12.853
16.404
20.298
24.696
29.224
34.089
39.264
44.775
50.423
56.289
62.217
68.182
73.998
79.851
85.194
89.686
93.250
95.949
97.865
99.339
100.503
101.286
101.865
102.450
103.016
103.501
104.210
104.994
105.678
106.362
107.239
107.905
108.570
109.242
109.709
110.125
110.511
110.853
111.083
111.357
111.525
111.575
111.724
111.879
111.960
111.879
111.848
111.991
112.035
111.985
112.110
112.228
112.215
112.483
112.676
112.918
113.068
113.273
113.385
113.267
113.304
113.117
112.452
111.680
110.461
108.620
106.138
102.779
98.058
91.066
81.904
74.166
67.666
61.632
56.052
50.803
45.864
41.211
36.782
32.689
28.913
25.331
21.860
18.681
15.789
13.052
10.557
8.343
6.346
4.567
2.981
1.718
0.518
-0.378
-1.056
-1.765
-2.200
-2.505
-2.592
-2.847
-2.916
-2.854
-2.841
-2.779
-2.667
-2.642
-2.555
-2.561
-2.356
-2.431
-2.381
-2.238
-2.232
-2.281
-2.219
-2.113
-2.113
-2.101
-2.039
-1.989
-1.933
-1.777
-1.759
-1.802
-1.634
-1.597
-1.622
-1.479
-1.491
-1.498
-1.473
-1.448
-1.404
-1.361
-1.267
-1.062
-1.068
-0.938
-0.788
-0.708
-0.739
-0.509
-0.490
-0.415
-0.278
-0.297
-0.322
-0.303
-0.222
-0.222
-0.235
-0.179
-0.067
-0.216
0.039
0.219
0.344
0.717
1.382
2.222
3.678
5.768
8.399
11.366
14.688
18.557
22.563
26.904
31.588
36.726
41.939
47.636
53.421
59.212
65.184
71.249
76.990
82.576
87.533
91.595
94.568
96.870
98.736
99.862
100.857
101.510
102.095
102.580
103.302
103.862
104.527
105.386
106.200
106.872
107.693
108.396
108.968
109.454
110.076
110.393
110.635
111.015
111.251
111.388
111.668
111.848
111.892
111.917
112.122
112.110
112.085
112.240
112.215
112.153
112.203
112.402
112.514
112.607
112.837
113.074
113.180
113.447
113.553
113.478
113.323
113.099
112.427
111.438
109.951
107.886
104.994
101.199
95.993
87.508
78.701
71.703
65.433
59.443
54.186
49.117
44.147
39.724
35.575
31.513
27.738
24.254
20.883
17.642
14.936
12.293
9.718
7.609
5.755
3.951
2.477
1.407
0.281
-0.596
-1.143
-1.672
-2.207
-2.406
-2.605
-2.816
-2.891
-2.754
-2.791
-2.866
-2.766
-2.611
-2.630
-2.443
-2.350
-2.343
-2.269
-2.188
-2.138
-2.157
-2.088
-2.045
-2.057
-2.070
-1.871
-1.914
-1.952
-1.790
-1.771
-1.883
-1.634
-1.498
-1.554
-1.547
-1.330
-1.305
-1.342
-1.218
-1.211
-1.305
-1.068
-1.043
-1.012
-0.956
-0.739
-0.670
-0.664
-0.397
-0.347
-0.390
-0.278
-0.104
-0.229
-0.197
-0.067
-0.160
-0.260
-0.023
-0.017
-0.160
-0.104
0.250
0.418
0.922
1.855
2.813
4.468
6.881
9.736
12.797
16.286
20.280
24.366
28.764
33.678
38.692
44.035
49.801
55.648
61.433
67.479
73.463
79.080
84.460
89.275
92.945
95.576
97.766
99.296
100.285
101.174
101.933
102.294
102.736
103.526
104.123
104.770
105.703
106.530
107.177
108.004
108.701
109.261
109.709
110.300
110.673
110.853
111.270
111.525
111.587
111.680
111.929
111.948
112.060
112.228
112.253
112.166
112.321
112.495
112.464
112.508
112.682
112.738
112.844
113.148
113.304
113.397
113.559
113.658
113.571
113.484
113.105
112.377
111.220
109.715
107.569
104.403
100.235
94.369
85.257
76.940
70.291
64.021
58.180
53.017
48.016
43.270
38.841
34.854
30.798
27.141
23.701
20.392
17.226
14.476
11.920
9.369
7.236
5.444
3.659
2.179
1.115
0.132
-0.764
-1.280
-1.777
-2.194
-2.431
-2.487
-2.729
-2.791
-2.717
-2.710
-2.785
-2.661
-2.599
-2.623
-2.574
-2.424
-2.350
-2.256
-2.151
-2.138
-2.120
-2.026
-1.945
-1.921
-1.889
-1.809
-1.939
-1.933
-1.771
-1.740
-1.858
-1.697
-1.591
-1.560
-1.522
-1.274
-1.386
-1.305
-1.243
-1.149
-1.174
-0.950
-0.963
-0.950
-0.863
-0.689
-0.645
-0.652
-0.502
-0.390
-0.359
-0.247
-0.117
-0.104
-0.030
0.014
0.039
-0.054
0.026
-0.005
-0.086
0.132
0.257
0.592
1.152
2.098
3.367
5.283
8.075
10.937
14.190
17.891
21.990
26.164
30.755
35.675
40.769
46.243
51.904
57.763
63.591
69.513
75.478
81.046
86.159
90.706
93.922
96.447
98.357
99.843
100.727
101.448
102.145
102.524
103.040
103.718
104.266
104.875
105.840
106.717
107.432
108.154
108.863
109.429
109.933
110.455
110.872
111.040
111.313
111.568
111.680
111.799
111.960
111.998
112.035
112.153
112.246
112.321
112.483
112.502
112.551
112.638
112.893
112.962
113.024
113.248
113.441
113.522
113.658
113.683
113.503
113.242
112.912
112.166
110.872
109.248
106.773
103.463
98.966
92.242
83.036
75.161
68.729
62.690
56.992
51.754
46.896
42.138
37.808
33.883
29.977
26.382
22.936
19.776
16.728
13.991
11.459
9.033
6.900
5.065
3.416
1.998
0.816
-0.092
-0.931
-1.479
-1.871
-2.269
-2.468
-2.549
-2.648
-2.692
-2.592
-2.667
-2.667
-2.692
-2.567
-2.468
-2.505
-2.462
-2.418
-2.381
-2.244
-2.120
-2.070
-2.039
-1.939
-1.877
-1.939
-1.777
-1.815
-1.802
-1.790
-1.777
-1.703
-1.728
-1.641
-1.634
-1.628
-1.392
-1.305
-1.249
-1.280
-1.050
-0.987
-0.907
-0.851
-0.826
-0.832
-0.683
-0.633
-0.533
-0.459
-0.378
-0.309
-0.291
-0.092
-0.117
-0.042
0.026
0.070
0.051
0.138
0.120
0.145
0.163
0.437
0.866
1.414
2.371
3.908
6.085
8.853
11.969
15.316
19.166
23.253
27.607
32.235
37.255
42.474
47.960
53.651
59.480
65.358
71.093
76.890
82.439
87.365
91.527
94.668
96.988
98.674
100.061
100.950
101.604
102.232
102.773
103.240
103.762
104.465
105.168
105.871
106.779
107.500
108.203
108.863
109.534
110.038
110.443
110.785
111.108
111.425
111.618
111.799
111.861
111.917
112.097
112.035
112.041
112.172
112.240
112.315
112.446
112.595
112.669
112.806
112.999
113.155
113.291
113.590
113.652
113.584
113.683
113.615
113.192
112.669
111.805
110.461
108.570
106.132
102.630
97.660
90.227
81.307
73.886
67.467
61.576
55.978
50.803
45.976
41.422
37.062
33.093
29.305
25.704
22.382
19.260
16.212
13.500
11.036
8.753
6.744
4.853
3.329
1.855
0.661
-0.142
-1.019
-1.609
-1.976
-2.275
-2.561
-2.592
-2.636
-2.661
-2.679
-2.555
-2.543
-2.580
-2.468
-2.462
-2.530
-2.431
-2.281
-2.343
-2.288
-2.207
-2.144
-2.070
-1.964
-1.827
-1.908
-1.802
-1.634
-1.684
-1.728
-1.634
-1.684
-1.703
-1.609
-1.485
-1.541
-1.485
-1.354
-1.342
-1.267
-1.019
-0.950
-0.981
-0.857
-0.658
-0.633
-0.614
-0.477
-0.490
-0.502
-0.285
-0.229
-0.297
-0.117
-0.061
-0.079
0.014
0.176
0.107
0.002
0.244
0.275
0.294
0.586
1.078
1.582
2.608
4.231
6.489
9.145
12.311
15.751
19.533
23.726
28.204
32.789
37.821
43.220
48.719
54.261
60.158
65.968
71.709
77.432
83.024
87.745
91.614
94.730
96.963
98.637
100.024
100.957
101.529
102.139
102.736
103.296
103.756
104.564
105.168
105.858
106.773
107.550
108.079
108.763
109.354
109.845
110.206
110.704
111.034
111.208
111.568
111.805
111.855
111.979
112.060
112.004
112.016
112.209
112.166
112.135
112.253
112.458
112.446
112.657
112.949
113.030
113.211
113.478
113.646
113.615
113.652
113.503
113.148
112.427
111.730
110.188
108.253
105.703
102.257
97.262
89.654
80.934
73.420
67.143
61.445
55.853
50.647
45.864
41.248
36.844
32.975
29.231
25.449
22.121
19.129
16.143
13.369
10.949
8.797
6.614
4.835
3.348
1.899
0.785
-0.148
-0.944
-1.597
-1.927
-2.244
-2.679
-2.686
-2.661
-2.717
-2.723
-2.549
-2.561
-2.605
-2.462
-2.337
-2.424
-2.325
-2.194
-2.238
-2.281
-2.095
-2.151
-2.169
-1.995
-1.889
-1.896
-1.858
-1.616
-1.672
-1.659
-1.498
-1.466
-1.609
-1.491
-1.410
-1.516
-1.485
-1.261
-1.354
-1.305
-1.093
-0.950
-0.907
-0.770
-0.558
-0.583
-0.564
-0.359
-0.316
-0.390
-0.272
-0.185
-0.260
-0.098
0.014
-0.086
-0.086
0.114
0.107
0.002
0.294
0.294
0.319
0.692
1.264
1.855
2.906
4.692
7.074
9.693
12.996
16.454
20.224
24.447
28.951
33.566
38.611
44.122
49.583
55.194
61.066
66.963
72.574
78.284
83.615
88.218
91.900
94.898
96.976
98.500
99.793
100.739
101.305
101.971
102.605
103.022
103.712
104.484
105.205
105.877
106.704
107.401
107.948
108.601
109.286
109.653
109.933
110.436
110.754
110.996
111.351
111.581
111.600
111.761
111.929
111.867
111.848
111.935
112.004
111.917
112.066
112.178
112.215
112.296
112.607
112.806
112.937
113.279
113.366
113.291
113.397
113.229
112.781
112.122
111.201
109.696
107.606
104.907
101.162
95.900
87.813
79.291
72.132
66.017
60.326
54.889
49.776
44.993
40.452
36.197
32.279
28.584
24.970
21.567
18.538
15.633
12.772
10.483
8.349
6.259
4.586
3.056
1.725
0.636
-0.229
-0.950
-1.634
-2.070
-2.312
-2.605
-2.698
-2.710
-2.760
-2.829
-2.636
-2.617
-2.549
-2.381
-2.368
-2.387
-2.312
-2.213
-2.176
-2.219
-2.132
-2.088
-2.132
-2.020
-1.933
-1.939
-1.889
-1.734
-1.728
-1.684
-1.535
-1.522
-1.491
-1.410
-1.379
-1.435
-1.410
-1.323
-1.354
-1.236
-1.124
-0.987
-1.006
-0.888
-0.708
-0.664
-0.540
-0.428
-0.347
-0.341
-0.197
-0.061
-0.098
-0.110
0.008
-0.005
-0.023
0.045
0.089
-0.048
0.138
0.194
0.362
0.686
1.183
1.917
3.006
4.853
7.205
9.910
13.014
16.597
20.448
24.547
29.038
33.722
38.679
44.141
49.614
55.331
61.134
66.919
72.654
78.284
83.639
88.224
91.819
94.649
96.808
98.413
99.563
100.459
101.125
101.647
102.275
102.810
103.501
104.191
104.987
105.740
106.499
107.295
107.892
108.415
109.018
109.472
109.833
110.138
110.486
110.735
110.978
111.251
111.425
111.600
111.674
111.730
111.680
111.811
111.830
111.811
111.861
111.973
112.116
112.147
112.352
112.564
112.669
112.974
113.117
113.148
113.167
113.049
112.638
111.935
111.046
109.584
107.413
104.714
100.988
95.763
87.633
79.018
72.014
65.762
60.065
54.703
49.720
44.868
40.458
36.210
32.291
28.596
25.032
21.648
18.470
15.633
12.846
10.402
8.256
6.216
4.499
3.012
1.774
0.617
-0.247
-0.925
-1.535
-2.001
-2.238
-2.480
-2.617
-2.704
-2.673
-2.735
-2.729
-2.642
-2.648
-2.580
-2.387
-2.406
-2.294
-2.219
-2.151
-2.088
-2.057
-2.020
-2.045
-2.057
-1.958
-1.871
-1.871
-1.833
-1.765
-1.721
-1.697
-1.572
-1.473
-1.491
-1.348
-1.373
-1.336
-1.274
-1.174
-1.180
-1.124
-1.006
-0.931
-0.931
-0.764
-0.714
-0.664
-0.453
-0.322
-0.229
-0.191
-0.086
0.045
-0.042
0.082
0.051
-0.005
0.002
0.114
0.008
0.008
0.163
0.331
0.648
1.227
2.104
3.230
5.127
7.628
10.433
13.668
17.201
21.076
25.088
29.560
34.437
39.376
44.638
50.230
55.897
61.545
67.442
73.214
78.676
83.975
88.504
92.043
94.780
96.907
98.406
99.538
100.378
101.137
101.548
102.157
102.748
103.364
104.048
104.931
105.709
106.399
107.227
107.923
108.421
108.993
109.466
109.733
109.989
110.430
110.673
110.797
111.065
111.245
111.394
111.481
111.668
111.600
111.568
111.755
111.792
111.799
111.973
112.091
112.023
112.203
112.489
112.576
112.707
112.962
112.931
112.875
112.781
112.446
111.705
110.704
109.217
107.077
104.185
100.403
94.911
86.364
78.029
71.255
64.979
59.281
54.087
49.055
44.277
40.004
35.874
31.806
28.155
24.740
21.368
18.190
15.484
12.678
10.110
8.051
6.060
4.275
2.788
1.550
0.449
-0.453
-0.938
-1.541
-2.039
-2.263
-2.437
-2.636
-2.648
-2.692
-2.710
-2.798
-2.605
-2.599
-2.623
-2.518
-2.412
-2.387
-2.238
-2.132
-2.157
-2.132
-2.001
-1.889
-1.983
-1.877
-1.827
-1.908
-1.833
-1.740
-1.790
-1.815
-1.684
-1.529
-1.616
-1.386
-1.286
-1.429
-1.286
-1.099
-1.081
-0.994
-0.963
-0.894
-0.931
-0.795
-0.652
-0.658
-0.614
-0.384
-0.316
-0.297
-0.017
0.064
-0.036
0.120
0.201
0.051
0.089
0.145
0.170
0.014
0.188
0.431
0.580
1.140
1.980
3.112
4.878
7.509
10.178
13.245
16.890
20.715
24.802
29.200
33.946
38.860
44.047
49.664
55.163
60.836
66.733
72.381
77.917
83.254
87.975
91.508
94.326
96.590
98.151
99.252
100.248
100.950
101.386
101.971
102.605
103.103
103.768
104.620
105.441
106.107
107.009
107.724
108.234
108.800
109.360
109.715
109.989
110.318
110.573
110.660
110.990
111.201
111.226
111.307
111.500
111.544
111.544
111.674
111.743
111.761
111.886
112.060
112.128
112.178
112.470
112.545
112.570
112.900
112.887
112.819
112.663
112.458
111.730
110.772
109.441
107.395
104.596
101.131
95.999
87.981
79.391
72.350
66.036
60.320
54.964
49.894
45.092
40.645
36.533
32.459
28.851
25.436
22.040
18.868
16.031
13.288
10.744
8.579
6.508
4.623
3.124
1.874
0.611
-0.316
-0.894
-1.498
-2.026
-2.207
-2.387
-2.549
-2.599
-2.518
-2.648
-2.655
-2.518
-2.536
-2.630
-2.480
-2.399
-2.449
-2.443
-2.151
-2.219
-2.120
-1.952
-1.983
-1.958
-1.846
-1.746
-1.790
-1.796
-1.715
-1.784
-1.715
-1.672
-1.628
-1.603
-1.504
-1.361
-1.404
-1.224
-1.087
-1.093
-1.019
-0.863
-0.813
-0.776
-0.708
-0.558
-0.664
-0.527
-0.341
-0.372
-0.291
-0.148
-0.067
0.008
0.101
0.157
0.157
0.176
0.306
0.225
0.176
0.294
0.418
0.530
